1.735515892505645752e-01
9.236305952072143555e-02
3.619405627250671387e-02
4.103337228298187256e-02
3.198685869574546814e-02
3.138418495655059814e-02
3.238132223486900330e-02
7.263470441102981567e-02
2.811590768396854401e-02
2.514821849763393402e-02
2.390614151954650879e-02
2.345876954495906830e-02
2.280892618000507355e-02
2.294263429939746857e-02
2.392725087702274323e-02
2.276602759957313538e-02
2.326316572725772858e-02
2.174069546163082123e-02
2.258891984820365906e-02
2.437431365251541138e-02
2.201450616121292114e-02
2.369297854602336884e-02
2.179683558642864227e-02
2.260714024305343628e-02
2.227717451751232147e-02
2.117739804089069366e-02
2.355110272765159607e-02
2.062513679265975952e-02
2.079512737691402435e-02
2.025724574923515320e-02
2.103978767991065979e-02
2.052637189626693726e-02
4.710406064987182617e-02
2.408569864928722382e-02
2.020587585866451263e-02
2.040425315499305725e-02
2.009048312902450562e-02
1.990750059485435486e-02
2.055882848799228668e-02
1.983153447508811951e-02
2.094470337033271790e-02
1.989368908107280731e-02
2.804432436823844910e-02
2.118354290723800659e-02
3.274756297469139099e-02
2.142066881060600281e-02
2.106422185897827148e-02
2.144840173423290253e-02
2.076956257224082947e-02
1.996366120874881744e-02
2.294390089809894562e-02
1.994254253804683685e-02
2.023096568882465363e-02
2.008434943854808807e-02
1.954493857920169830e-02
1.952053047716617584e-02
1.976376958191394806e-02
1.970066688954830170e-02
1.941463164985179901e-02
2.202423289418220520e-02
1.951851136982440948e-02
1.931845024228096008e-02
1.915516145527362823e-02
1.925015635788440704e-02
1.915235631167888641e-02
1.913253031671047211e-02
1.905034296214580536e-02
1.896216534078121185e-02
1.886885240674018860e-02
1.880672015249729156e-02
1.870121061801910400e-02
1.872199960052967072e-02
1.863895729184150696e-02
1.871354132890701294e-02
1.876909285783767700e-02
1.852468773722648621e-02
1.841405220329761505e-02
1.844717003405094147e-02
1.832762733101844788e-02
1.824987865984439850e-02
1.819222047924995422e-02
1.818117313086986542e-02
1.800981722772121429e-02
1.797813735902309418e-02
1.787770166993141174e-02
1.789982430636882782e-02
1.764121465384960175e-02
1.753599755465984344e-02
1.734889112412929535e-02
1.716112159192562103e-02
1.692014187574386597e-02
1.672373898327350616e-02
1.653758063912391663e-02
1.636112295091152191e-02
1.617189310491085052e-02
1.600467786192893982e-02
1.580865681171417236e-02
1.564276590943336487e-02
1.548928953707218170e-02
1.533122453838586807e-02
1.515436451882123947e-02
1.498181838542222977e-02
1.481641642749309540e-02
1.462785713374614716e-02
1.444313954561948776e-02
1.424312312155961990e-02
1.406486611813306808e-02
1.388163864612579346e-02
1.368170510977506638e-02
1.348130498081445694e-02
1.325309928506612778e-02
1.302859187126159668e-02
1.281744521111249924e-02
1.258649118244647980e-02
1.235181372612714767e-02
1.211551763117313385e-02
1.185434032231569290e-02
1.160127017647027969e-02
1.134317647665739059e-02
1.106749195605516434e-02
1.079336367547512054e-02
1.052707899361848831e-02
1.023679319769144058e-02
9.949478320777416229e-03
9.639809839427471161e-03
9.336701594293117523e-03
9.033457376062870026e-03
8.716606535017490387e-03
8.390587754547595978e-03
8.063095621764659882e-03
7.738605607300996780e-03
7.394344545900821686e-03
7.048926781862974167e-03
6.674821022897958755e-03
6.323606707155704498e-03
5.973945837467908859e-03
5.607726518064737320e-03
5.259312689304351807e-03
4.900466185063123703e-03
4.560384899377822876e-03
4.218601156026124954e-03
3.898490220308303833e-03
3.589209867641329765e-03
3.287436440587043762e-03
3.004855941981077194e-03
2.742999931797385216e-03
2.502236049622297287e-03
2.275802195072174072e-03
2.081096637994050980e-03
1.898964517749845982e-03
1.751253032125532627e-03
1.614533830434083939e-03
1.497764256782829762e-03
1.389697194099426270e-03
1.300754607655107975e-03
1.221214071847498417e-03
1.160217099823057652e-03
1.097791595384478569e-03
1.047496683895587921e-03
1.004109391942620277e-03
9.637233451940119267e-04
9.281927486881613731e-04
8.998193079605698586e-04
8.724557701498270035e-04
8.493060013279318810e-04
8.224993944168090820e-04
8.005083072930574417e-04
7.827396038919687271e-04
7.680616108700633049e-04
7.466112729161977768e-04
7.327933562919497490e-04
7.180750835686922073e-04
7.033595466054975986e-04
6.905738846398890018e-04
6.830380298197269440e-04
6.670899456366896629e-04
6.506719510070979595e-04
6.409259513020515442e-04
6.291377358138561249e-04
6.148556130938231945e-04
6.033066892996430397e-04
5.907345330342650414e-04
5.821092636324465275e-04
5.751262069679796696e-04
5.653135594911873341e-04
5.561469006352126598e-04
5.500215920619666576e-04
5.442233523353934288e-04
5.368624115362763405e-04
5.266879452392458916e-04
5.187758360989391804e-04
5.114437080919742584e-04
5.036771181039512157e-04
4.971274756826460361e-04
4.915991448797285557e-04
4.839889006689190865e-04
4.769332299474626780e-04
4.701732832472771406e-04
4.649152688216418028e-04
4.569914017338305712e-04
4.509701975621283054e-04
4.472103319130837917e-04
4.419560136739164591e-04
4.331363306846469641e-04
4.273025260772556067e-04
4.235823289491236210e-04
4.175112408120185137e-04
4.123987746424973011e-04
4.075628821738064289e-04
4.027649411000311375e-04
3.999601758550852537e-04
3.940383030567318201e-04
3.889400686603039503e-04
3.849273198284208775e-04
3.809231566265225410e-04
3.771546762436628342e-04
3.701302048284560442e-04
3.667560813482850790e-04
3.633186279330402613e-04
3.600243653636425734e-04
3.563349018804728985e-04
3.515506396070122719e-04
3.456152626313269138e-04
3.434754908084869385e-04
3.393695515114814043e-04
3.349846811033785343e-04
3.310901520308107138e-04
3.283677797298878431e-04
3.237204218748956919e-04
3.224512911401689053e-04
3.192222502548247576e-04
3.170785494148731232e-04
3.129199612885713577e-04
3.089777019340544939e-04
3.084476338699460030e-04
3.049651859328150749e-04
3.016497357748448849e-04
2.984298916999250650e-04
2.963485894724726677e-04
2.931582857854664326e-04
2.915563527494668961e-04
2.882182016037404537e-04
2.832677273545414209e-04
2.821826492436230183e-04
2.795559994410723448e-04
2.746783720795065165e-04
2.736156748142093420e-04
2.704823855310678482e-04
2.668978413566946983e-04
2.647762303240597248e-04
2.622113388497382402e-04
2.597972052171826363e-04
2.561010478530079126e-04
2.539258857723325491e-04
2.523895527701824903e-04
2.514937368687242270e-04
2.486877201590687037e-04
2.471352345310151577e-04
2.444347483105957508e-04
2.433415211271494627e-04
2.406255080131813884e-04
2.373719034949317575e-04
2.358530618948861957e-04
2.343103842576965690e-04
2.317716716788709164e-04
2.294853184139356017e-04
2.274062280775979161e-04
2.260896289953961968e-04
2.234935091109946370e-04
2.214717387687414885e-04
2.199879818363115191e-04
2.177698042942211032e-04
2.166331250919029117e-04
2.144877507817000151e-04
2.116655668942257762e-04
2.071876224363222718e-04
2.057656383840367198e-04
2.035899524344131351e-04
2.031107287621125579e-04
1.991168828681111336e-04
1.982431713258847594e-04
1.945529220392927527e-04
1.921452058013528585e-04
1.925546239363029599e-04
1.897349138744175434e-04
1.883562363218516111e-04
1.873746223282068968e-04
1.854328002082183957e-04
1.846869708970189095e-04
1.828228996600955725e-04
1.803196646505966783e-04
1.792945258785039186e-04
1.773364638211205602e-04
1.742831373121589422e-04
1.739603467285633087e-04
1.720657892292365432e-04
1.698390697129070759e-04
1.682132278801873326e-04
1.675011008046567440e-04
1.648300822125747800e-04
1.650345657253637910e-04
1.626506273169070482e-04
1.605393044883385301e-04
1.598299568286165595e-04
1.576852664584293962e-04
1.582117110956460238e-04
1.576084905536845326e-04
1.560711534693837166e-04
1.535108312964439392e-04
1.522552483947947621e-04
1.506322296336293221e-04
1.504609972471371293e-04
1.489617570769041777e-04
1.473350130254402757e-04
1.459528721170499921e-04
1.446612150175496936e-04
1.436418824596330523e-04
1.423422218067571521e-04
1.416843879269436002e-04
1.409347169101238251e-04
1.395037543261423707e-04
1.388514647260308266e-04
1.371448452118784189e-04
1.363321061944589019e-04
1.342946197837591171e-04
1.320499286521226168e-04
1.297420094488188624e-04
1.283231395063921809e-04
1.270343054784461856e-04
1.249257911695167422e-04
1.241248246515169740e-04
1.246126921614632010e-04
1.221447892021387815e-04
1.211777562275528908e-04
1.199190301122143865e-04
1.178825841634534299e-04
1.164652785519137979e-04
1.151188407675363123e-04
1.147058719652704895e-04
1.136430146289058030e-04
1.139603118645027280e-04
1.129195297835394740e-04
1.113019170588813722e-04
1.102541136788204312e-04
1.100030203815549612e-04
1.087871132767759264e-04
1.071377992047928274e-04
1.066907279891893268e-04
1.047447876771911979e-04
1.038037516991607845e-04
1.042788062477484345e-04
1.031313149724155664e-04
1.022419528453610837e-04
1.011575659504160285e-04
1.009616171359084547e-04
9.983924246625974774e-05
9.876533295027911663e-05
9.798578685149550438e-05
9.701593808131292462e-05
9.681566734798252583e-05
9.513531404081732035e-05
9.468867210671305656e-05
9.340083488496020436e-05
9.223302186001092196e-05
9.120000322582200170e-05
9.009396308101713657e-05
8.886788418749347329e-05
8.825850090943276882e-05
8.758276089793071151e-05
8.679136954015120864e-05
8.632809476694092155e-05
8.607058407505974174e-05
8.505701407557353377e-05
8.414550393354147673e-05
8.380162034882232547e-05
8.338956831721588969e-05
8.292240818263962865e-05
8.139081182889640331e-05
8.055334183154627681e-05
7.929868297651410103e-05
7.919557538116350770e-05
7.816124707460403442e-05
7.696721877437084913e-05
7.660653500352054834e-05
7.547048153355717659e-05
7.514627941418439150e-05
7.425717194564640522e-05
7.439730688929557800e-05
7.392222323687747121e-05
7.225869194371625781e-05
7.148439908633008599e-05
7.082459342200309038e-05
7.163155532907694578e-05
7.105112308636307716e-05
7.048520637908950448e-05
6.981297337915748358e-05
6.879054853925481439e-05
6.901934830239042640e-05
6.777522503398358822e-05
6.650396244367584586e-05
6.591059354832395911e-05
6.427845801226794720e-05
6.367093737935647368e-05
6.300675886450335383e-05
6.281655805651098490e-05
6.163217767607420683e-05
6.092000330681912601e-05
6.056541678844951093e-05
6.002955342410132289e-05
5.921094998484477401e-05
5.891935143154114485e-05
5.774117380497045815e-05
5.725902519770897925e-05
5.661302202497608960e-05
5.627408972941339016e-05
5.572116424445994198e-05
5.472833800013177097e-05
5.455227801576256752e-05
5.361821968108415604e-05
5.337556285667233169e-05
5.266045627649873495e-05
5.195170524530112743e-05
5.162673915037885308e-05
5.146063995198346674e-05
5.112271173857152462e-05
4.986839485354721546e-05
4.961282320437021554e-05
4.938616257277317345e-05
4.926150359096936882e-05
4.967619315721094608e-05
4.853616337641142309e-05
4.798117151949554682e-05
4.740634540212340653e-05
4.679124322137795389e-05
4.653667201637290418e-05
4.621146945282816887e-05
4.584738417179323733e-05
4.551554593490436673e-05
4.488168633542954922e-05
4.469426130526699126e-05
4.379769598017446697e-05
4.352092946646735072e-05
4.392306072986684740e-05
4.396352596813812852e-05
4.335680569056421518e-05
4.275011087884195149e-05
4.243699731887318194e-05
4.214252476231195033e-05
4.192776032141409814e-05
4.160224125371314585e-05
4.153421105002053082e-05
4.131258901907131076e-05
4.100270234630443156e-05
4.070768773090094328e-05
4.100043224752880633e-05
4.061155777890235186e-05
4.008748510386794806e-05
3.978278982685878873e-05
3.959664172725751996e-05
3.947053846786729991e-05
3.916355126420967281e-05
3.910144732799381018e-05
3.813827424892224371e-05
3.707064388436265290e-05
3.677812492242082953e-05
3.679329529404640198e-05
3.630934224929660559e-05
3.589521293179132044e-05
3.576712697395123541e-05
3.536271469783969223e-05
3.543375714798457921e-05
3.450359872658737004e-05
3.400578498258255422e-05
3.393576116650365293e-05
3.361544440849684179e-05
3.335541259730234742e-05
3.281859972048550844e-05
3.260709854657761753e-05
3.214913886040449142e-05
3.236423435737378895e-05
3.259994628024287522e-05
3.163888686685822904e-05
3.192081931047141552e-05
3.180694693583063781e-05
3.185500827385112643e-05
3.153696889057755470e-05
3.144729635096155107e-05
3.110347097390331328e-05
3.096096770605072379e-05
3.057370122405700386e-05
3.020959775312803686e-05
3.002934863616246730e-05
3.024374382221139967e-05
3.025651130883488804e-05
3.010720683960244060e-05
2.936057899205479771e-05
2.950526868517044932e-05
2.972677430079784244e-05
2.946122913272120059e-05
2.893181772378738970e-05
