2.358898334205150604e-02
1.381132565438747406e-02
1.005514711141586304e-02
6.993474904447793961e-03
4.654370248317718506e-03
2.965201390907168388e-03
1.894806162454187870e-03
1.327967736870050430e-03
1.075627282261848450e-03
9.609116241335868835e-04
9.005087194964289665e-04
8.498159004375338554e-04
8.125017629936337471e-04
7.784260087646543980e-04
7.521309307776391506e-04
7.260924903675913811e-04
7.035169401206076145e-04
6.790249608457088470e-04
6.608484545722603798e-04
6.429663044400513172e-04
6.267375429160892963e-04
6.118165911175310612e-04
5.977557157166302204e-04
5.829666624777019024e-04
5.735896993428468704e-04
5.570332286879420280e-04
5.474944482557475567e-04
5.371358711272478104e-04
5.260818288661539555e-04
5.153827369213104248e-04
5.091369384899735451e-04
4.984971019439399242e-04
4.903355729766190052e-04
4.818822199013084173e-04
4.767806676682084799e-04
4.683091538026928902e-04
4.608497256413102150e-04
4.533480678219348192e-04
4.473884473554790020e-04
4.400650213938206434e-04
4.352935065981000662e-04
4.302239685785025358e-04
4.262076399754732847e-04
4.198807582724839449e-04
4.123359685763716698e-04
4.083899257238954306e-04
4.047373950015753508e-04
3.977517480961978436e-04
3.951518447138369083e-04
3.901454329025000334e-04
3.853660309687256813e-04
3.834163944702595472e-04
3.779459511861205101e-04
3.763359272852540016e-04
3.693557227961719036e-04
3.690788580570369959e-04
3.627027326729148626e-04
3.587434766814112663e-04
3.542089252732694149e-04
3.510307869873940945e-04
3.476838755887001753e-04
3.446506161708384752e-04
3.407010517548769712e-04
3.372849896550178528e-04
3.357668174430727959e-04
3.319277311675250530e-04
3.291415923740714788e-04
3.252691240049898624e-04
3.225085965823382139e-04
3.200796782039105892e-04
3.176156606059521437e-04
3.145761147607117891e-04
3.124783979728817940e-04
3.086065116804093122e-04
3.054056141991168261e-04
3.046723722945898771e-04
3.009768843185156584e-04
3.012293018400669098e-04
2.970972855109721422e-04
2.953155490104109049e-04
2.934012736659497023e-04
2.917780075222253799e-04
2.886821166612207890e-04
2.860601525753736496e-04
2.834885381162166595e-04
2.806117699947208166e-04
2.793159510474652052e-04
2.767507394310086966e-04
2.754131564870476723e-04
2.729987318161875010e-04
2.699720498640090227e-04
2.684408391360193491e-04
2.679891476873308420e-04
2.654447453096508980e-04
2.626141067594289780e-04
2.620555169414728880e-04
2.603758475743234158e-04
2.590834046714007854e-04
2.576406113803386688e-04
2.534438390284776688e-04
2.529748890083283186e-04
2.513368963263928890e-04
2.489558537490665913e-04
2.482528216205537319e-04
2.457963710185140371e-04
2.445464779157191515e-04
2.429881860734894872e-04
2.404341357760131359e-04
2.380854421062394977e-04
2.367251290706917644e-04
2.381169470027089119e-04
2.343353698961436749e-04
2.318456390639767051e-04
2.326238754903897643e-04
2.314749290235340595e-04
2.280513435835018754e-04
2.264978684252128005e-04
2.269248070660978556e-04
2.228393132099881768e-04
2.229399251518771052e-04
2.218977606389671564e-04
2.197189605794847012e-04
2.185154589824378490e-04
2.173701795982196927e-04
2.190428931498900056e-04
2.144886093446984887e-04
2.126980252796784043e-04
2.136216789949685335e-04
2.101160353049635887e-04
2.098101249430328608e-04
2.107303298544138670e-04
2.071915369015187025e-04
2.056943048955872655e-04
2.039669343503192067e-04
2.039277896983548999e-04
2.021618420258164406e-04
2.006644936045631766e-04
1.996482315007597208e-04
1.978351938305422664e-04
1.966496056411415339e-04
1.952482707565650344e-04
1.946833217516541481e-04
1.940435759024694562e-04
1.920479262480512261e-04
1.914599852170795202e-04
1.898304326459765434e-04
1.914072345243766904e-04
1.879224000731483102e-04
1.872832363005727530e-04
1.863141660578548908e-04
1.863143697846680880e-04
1.848566316766664386e-04
1.839252799982205033e-04
1.824127684812992811e-04
1.804470666684210300e-04
1.807562803151085973e-04
1.793027622625231743e-04
1.783885672921314836e-04
1.768849615473300219e-04
1.756638230290263891e-04
1.748085778672248125e-04
1.740793086355552077e-04
1.719295105431228876e-04
1.730181975290179253e-04
1.714936079224571586e-04
1.702354493318125606e-04
1.696215040283277631e-04
1.682071015238761902e-04
1.682719012023881078e-04
1.664312148932367563e-04
1.667718315729871392e-04
1.645070442464202642e-04
1.647593744564801455e-04
1.626981102162972093e-04
1.622483396204188466e-04
1.612468477105721831e-04
1.595134381204843521e-04
1.590159808984026313e-04
1.596809888724237680e-04
1.569159794598817825e-04
1.563780242577195168e-04
1.565177371958270669e-04
1.565760467201471329e-04
1.540214580018073320e-04
1.527251442894339561e-04
1.521958620287477970e-04
1.518396165920421481e-04
1.501597871538251638e-04
1.507069682702422142e-04
1.494842435931786895e-04
1.490936410846188664e-04
1.475888129789382219e-04
1.469957787776365876e-04
1.465102686779573560e-04
1.457186299376189709e-04
1.443482615286484361e-04
1.443016226403415203e-04
1.431515411240980029e-04
1.425386290065944195e-04
1.421068009221926332e-04
1.417545281583443284e-04
1.410970580764114857e-04
1.388435484841465950e-04
1.393925340380519629e-04
1.392540143569931388e-04
1.372916012769564986e-04
1.371858525089919567e-04
1.367654913337901235e-04
1.351380051346495748e-04
1.343492331216111779e-04
1.345594791928306222e-04
1.338157017016783357e-04
1.326517667621374130e-04
1.327127247350290418e-04
1.307343045482411981e-04
1.305709884036332369e-04
1.296243135584518313e-04
1.287189370486885309e-04
1.283124875044450164e-04
1.301321317441761494e-04
1.279993593925610185e-04
1.263178273802623153e-04
1.256770337931811810e-04
1.251135254278779030e-04
1.254652597708627582e-04
1.236046518897637725e-04
1.236294920090585947e-04
1.229283079737797379e-04
1.223909639520570636e-04
1.211543058161623776e-04
1.216664895764552057e-04
1.207010354846715927e-04
1.199969337903894484e-04
1.202477069455198944e-04
1.196240045828744769e-04
1.177571684820577502e-04
1.183920903713442385e-04
1.185208820970728993e-04
1.166403235401958227e-04
1.158148879767395556e-04
1.154148703790269792e-04
1.149830568465404212e-04
1.148158189607784152e-04
1.136380742536857724e-04
1.131822864408604801e-04
1.129861630033701658e-04
1.120233573601581156e-04
1.121286259149201214e-04
1.105969640775583684e-04
1.103921094909310341e-04
1.094210820156149566e-04
1.085430776583962142e-04
1.082180897356010973e-04
1.075982872862368822e-04
1.068241690518334508e-04
1.064716925611719489e-04
1.064562748069874942e-04
1.057576737366616726e-04
1.056157780112698674e-04
1.059479182003997266e-04
1.044327073032036424e-04
1.041921350406482816e-04
1.041171126416884363e-04
1.026727040880359709e-04
1.021396019496023655e-04
1.024988596327602863e-04
1.016325622913427651e-04
1.014148438116535544e-04
1.006097154458984733e-04
1.006644451990723610e-04
1.003408906399272382e-04
9.977899026125669479e-05
9.799748659133911133e-05
9.837429388426244259e-05
9.775362559594213963e-05
9.688800491858273745e-05
9.756306099006906152e-05
9.660316572990268469e-05
9.593266440788283944e-05
9.575043804943561554e-05
9.441305883228778839e-05
9.436042455490678549e-05
9.380588744534179568e-05
9.448725904803723097e-05
9.307594154961407185e-05
9.256165503757074475e-05
9.290291927754878998e-05
9.153399150818586349e-05
9.161882917396724224e-05
9.141558257397264242e-05
9.194442100124433637e-05
9.058557043317705393e-05
8.985730528365820646e-05
8.960747800301760435e-05
8.922842971514910460e-05
8.923842688091099262e-05
8.750382403377443552e-05
8.711402188055217266e-05
8.710532711120322347e-05
8.722888742340728641e-05
8.610726945335045457e-05
8.614112448412925005e-05
8.516977686667814851e-05
8.574605453759431839e-05
8.494222129229456186e-05
8.491395419696345925e-05
8.420200174441561103e-05
8.296128362417221069e-05
8.257624722318723798e-05
8.190401422325521708e-05
8.238523150794208050e-05
8.149819768732413650e-05
8.131573849823325872e-05
8.138962584780529141e-05
8.038505620788782835e-05
8.114732190733775496e-05
7.940740033518522978e-05
7.979660585988312960e-05
7.907695544417947531e-05
7.946269033709540963e-05
7.882979843998327851e-05
7.807386282365769148e-05
7.755113620078191161e-05
7.689758058404549956e-05
7.722785812802612782e-05
7.669620390515774488e-05
7.568426372017711401e-05
7.497170008718967438e-05
7.527820707764476538e-05
7.538113277405500412e-05
7.443339563906192780e-05
7.454465958289802074e-05
7.394213753286749125e-05
7.313345122383907437e-05
7.354005356319248676e-05
7.259087578859180212e-05
7.207020826172083616e-05
7.180382817750796676e-05
7.171661127358675003e-05
7.065296085784211755e-05
7.020920747891068459e-05
7.101934170350432396e-05
7.010577246546745300e-05
6.995862349867820740e-05
6.956217839615419507e-05
6.908596697030588984e-05
6.915766425663605332e-05
6.828505865996703506e-05
6.773100903956219554e-05
6.750452303094789386e-05
6.761783879483118653e-05
6.745677092112600803e-05
6.690096051897853613e-05
6.649217539234086871e-05
6.598869367735460401e-05
6.675062468275427818e-05
6.523913179989904165e-05
6.605907401535660028e-05
6.454250251408666372e-05
6.459054566221311688e-05
6.362195563269779086e-05
6.365394074236974120e-05
6.310280878096818924e-05
6.340654363157227635e-05
6.298704101936891675e-05
6.230303552001714706e-05
6.239440699573606253e-05
6.137515447335317731e-05
6.157938332762569189e-05
6.120589387137442827e-05
6.125965592218562961e-05
6.161724013509228826e-05
6.039290019543841481e-05
6.000708526698872447e-05
5.977850014460273087e-05
5.959245754638686776e-05
5.946254896116442978e-05
5.875483839190565050e-05
5.843814869876950979e-05
5.811813753098249435e-05
5.801675069960765541e-05
5.748681360273621976e-05
5.728791802539490163e-05
5.725970549974590540e-05
5.649507875205017626e-05
5.664279888151213527e-05
5.620585579890757799e-05
5.585837061516940594e-05
5.656501161865890026e-05
5.523782238014973700e-05
5.564005186897702515e-05
5.531835631700232625e-05
5.421790774562396109e-05
5.444634007290005684e-05
5.353973028832115233e-05
5.392534876591525972e-05
5.330599378794431686e-05
5.356560359359718859e-05
5.294197035254910588e-05
5.249943933449685574e-05
5.285868610371835530e-05
5.266831431072205305e-05
5.284837607177905738e-05
5.149865683051757514e-05
5.087790123070590198e-05
5.116374450153671205e-05
5.051784683018922806e-05
5.040879113948903978e-05
5.016320938011631370e-05
5.044438148615881801e-05
4.989604349248111248e-05
4.913986776955425739e-05
4.915427780360914767e-05
4.885417365585453808e-05
4.876718230661936104e-05
4.800282113137654960e-05
4.815856664208695292e-05
4.756006092065945268e-05
4.754614928970113397e-05
4.733239256893284619e-05
4.733989771921187639e-05
4.678565528593026102e-05
4.745960541185922921e-05
4.670923226512968540e-05
4.618422462954185903e-05
4.635777077055536211e-05
4.575595812639221549e-05
4.514335523708723485e-05
4.521146911429241300e-05
4.507353878580033779e-05
4.454249938135035336e-05
4.508734855335205793e-05
4.403755156090483069e-05
4.380248356028459966e-05
4.392663686303421855e-05
4.368486042949371040e-05
4.382569022709503770e-05
4.277940752217546105e-05
4.312238161219283938e-05
4.226474629831500351e-05
4.223328141961246729e-05
4.251523569109849632e-05
4.154804992140270770e-05
4.190187246422283351e-05
4.200942566967569292e-05
4.203322168905287981e-05
4.161995093454606831e-05
4.104788604308851063e-05
4.054269084008410573e-05
4.049973722430877388e-05
4.034582889289595187e-05
4.053812153870239854e-05
3.997089152107946575e-05
3.924234988517127931e-05
3.911510793841443956e-05
3.894007022609002888e-05
3.957137596444226801e-05
3.855644899886101484e-05
3.840465069515630603e-05
3.861101140500977635e-05
3.822448707069270313e-05
3.766662121051922441e-05
3.757650119950994849e-05
3.742879925994202495e-05
3.806148379226215184e-05
3.649310747277922928e-05
3.675881089293397963e-05
3.670787918963469565e-05
3.641363582573831081e-05
3.627672776929102838e-05
3.600316267693415284e-05
3.575406663003377616e-05
3.598921466618776321e-05
3.507461951812729239e-05
3.526447835611179471e-05
3.547886444721370935e-05
3.519561505527235568e-05
3.436381302890367806e-05
3.472951721050776541e-05
3.432780795264989138e-05
3.434469545027241111e-05
3.369744445080868900e-05
3.363453288329765201e-05
3.324324643472209573e-05
3.344512515468522906e-05
3.340391413075849414e-05
3.338069291203282773e-05
3.295619899290613830e-05
3.219759310013614595e-05
3.257507705711759627e-05
3.222123996238224208e-05
3.201376239303499460e-05
3.212436422472819686e-05
3.155265949317254126e-05
3.187798211001791060e-05
3.091650432907044888e-05
3.103860217379406095e-05
3.113797720288857818e-05
3.059649316128343344e-05
3.091176040470600128e-05
