6.499916315078735352e-02
2.826504036784172058e-02
1.557736098766326904e-02
8.162072859704494476e-03
4.565541166812181473e-03
3.194005228579044342e-03
2.600817475467920303e-03
2.219218993559479713e-03
1.940879854373633862e-03
1.733292941935360432e-03
1.574041205458343029e-03
1.449410454370081425e-03
1.348743331618607044e-03
1.265042694285511971e-03
1.200994593091309071e-03
1.144926878623664379e-03
1.101605477742850780e-03
1.064170734025537968e-03
1.036070287227630615e-03
1.010261592455208302e-03
9.888119529932737350e-04
9.706312557682394981e-04
9.540553437545895576e-04
9.405961609445512295e-04
9.265395347028970718e-04
9.156732121482491493e-04
9.031470399349927902e-04
8.913484052754938602e-04
8.811224251985549927e-04
8.723052451387047768e-04
8.626884664408862591e-04
8.548824116587638855e-04
8.461646502837538719e-04
8.372353040613234043e-04
8.308607502840459347e-04
8.238916052505373955e-04
8.167334599420428276e-04
8.094628574326634407e-04
8.024291018955409527e-04
7.969596190378069878e-04
7.905161473900079727e-04
7.845836225897073746e-04
7.806087378412485123e-04
7.770087104290723801e-04
7.719226996414363384e-04
7.668681791983544827e-04
7.621981203556060791e-04
7.599348900839686394e-04
7.544467225670814514e-04
7.504185196012258530e-04
7.472966099157929420e-04
7.429210236296057701e-04
7.422534399665892124e-04
7.375485147349536419e-04
7.356810965575277805e-04
7.321128505282104015e-04
7.298677810467779636e-04
7.278567645698785782e-04
7.234914228320121765e-04
7.220173720270395279e-04
7.197150262072682381e-04
7.172183250077068806e-04
7.152245962060987949e-04
7.124638068489730358e-04
7.105792174115777016e-04
7.080610957928001881e-04
7.070844294503331184e-04
7.045788806863129139e-04
7.030401611700654030e-04
7.005030638538300991e-04
6.997904856689274311e-04
6.975153228268027306e-04
6.975916330702602863e-04
6.944829365238547325e-04
6.930618546903133392e-04
6.921766907908022404e-04
6.901032174937427044e-04
6.883977912366390228e-04
6.881387671455740929e-04
6.856761756353080273e-04
6.851139478385448456e-04
6.828886689618229866e-04
6.825688760727643967e-04
6.819659611210227013e-04
6.799970869906246662e-04
6.785177974961698055e-04
6.773617351427674294e-04
6.753478664904832840e-04
6.750232423655688763e-04
6.738196825608611107e-04
6.724376580677926540e-04
6.726591382175683975e-04
6.713424227200448513e-04
6.700705853290855885e-04
6.686308188363909721e-04
6.684770924039185047e-04
6.676289485767483711e-04
6.662319065071642399e-04
6.658854545094072819e-04
6.637473125010728836e-04
6.635625613853335381e-04
6.626356043852865696e-04
6.622041109949350357e-04
6.606635288335382938e-04
6.596551975235342979e-04
6.588001851923763752e-04
6.583599024452269077e-04
6.578856846317648888e-04
6.573097780346870422e-04
6.557741435244679451e-04
6.550864782184362411e-04
6.551037076860666275e-04
6.535726715810596943e-04
6.528401281684637070e-04
6.519246380776166916e-04
6.523554329760372639e-04
6.506539066322147846e-04
6.507815560325980186e-04
6.505685159936547279e-04
6.492701941169798374e-04
6.488852086476981640e-04
6.479203584603965282e-04
6.474080146290361881e-04
6.475101108662784100e-04
6.468587671406567097e-04
6.454503163695335388e-04
6.451157969422638416e-04
6.453482783399522305e-04
6.435012910515069962e-04
6.432638037949800491e-04
6.432654336094856262e-04
6.417461554519832134e-04
6.420474383048713207e-04
6.414974923245608807e-04
6.410439382307231426e-04
6.403623265214264393e-04
6.392685463652014732e-04
6.385862943716347218e-04
6.391319329850375652e-04
6.380627746693789959e-04
6.371046183630824089e-04
6.375657976604998112e-04
6.363734719343483448e-04
6.370744085870683193e-04
6.360642146319150925e-04
6.359231774695217609e-04
6.349383620545268059e-04
6.344885332509875298e-04
6.352527416311204433e-04
6.338428356684744358e-04
6.331470212899148464e-04
6.328045274131000042e-04
6.321646505966782570e-04
6.318843225017189980e-04
6.318973028101027012e-04
6.314524216577410698e-04
6.318794912658631802e-04
6.313523044809699059e-04
6.300513050518929958e-04
6.299278466030955315e-04
6.308284937404096127e-04
6.284084520302712917e-04
6.288894219323992729e-04
6.279788794927299023e-04
6.276680505834519863e-04
6.279346416704356670e-04
6.274697952903807163e-04
6.270008161664009094e-04
6.269156583584845066e-04
6.266543059609830379e-04
6.264687981456518173e-04
6.254513282328844070e-04
6.261343951337039471e-04
6.257183267734944820e-04
6.255522603169083595e-04
6.248468998819589615e-04
6.237018387764692307e-04
6.236323388293385506e-04
6.246068514883518219e-04
6.232006708160042763e-04
6.229889695532619953e-04
6.228119600564241409e-04
6.225006654858589172e-04
6.223120726644992828e-04
6.219560746103525162e-04
6.216308684088289738e-04
6.218378548510372639e-04
6.200786447152495384e-04
6.209199200384318829e-04
6.201318465173244476e-04
6.199339404702186584e-04
6.194057059474289417e-04
6.197502370923757553e-04
6.189955165609717369e-04
6.191671709530055523e-04
6.185796810314059258e-04
6.183332880027592182e-04
6.174443406052887440e-04
6.183066871017217636e-04
6.176409660838544369e-04
6.176153547130525112e-04
6.170587730593979359e-04
6.162565550766885281e-04
6.170013803057372570e-04
6.155735463835299015e-04
6.156258168630301952e-04
6.157467723824083805e-04
6.162015488371253014e-04
6.138588069006800652e-04
6.139338947832584381e-04
6.145074148662388325e-04
6.137418677099049091e-04
6.137958262115716934e-04
6.138226599432528019e-04
6.128318491391837597e-04
6.125553627498447895e-04
6.122824852354824543e-04
6.126370280981063843e-04
6.126476801000535488e-04
6.126061780378222466e-04
6.117402226664125919e-04
6.110271206125617027e-04
6.115267751738429070e-04
6.106030778028070927e-04
6.107944063842296600e-04
6.102804909460246563e-04
6.107654771767556667e-04
6.105040665715932846e-04
6.095611024647951126e-04
6.100041209720075130e-04
6.096331635490059853e-04
6.095148273743689060e-04
6.089078378863632679e-04
6.090746610425412655e-04
6.085184286348521709e-04
6.086370558477938175e-04
6.083197076804935932e-04
6.078333244659006596e-04
6.081426399759948254e-04
6.073090480640530586e-04
6.080979947000741959e-04
6.072971737012267113e-04
6.061940221115946770e-04
6.068864604458212852e-04
6.065600900910794735e-04
6.061150925233960152e-04
6.057419232092797756e-04
6.054316181689500809e-04
6.056783604435622692e-04
6.058400613255798817e-04
6.064106128178536892e-04
6.041254382580518723e-04
6.051742821000516415e-04
6.037965649738907814e-04
6.041726446710526943e-04
6.042182212695479393e-04
6.041939486749470234e-04
6.037725834175944328e-04
6.029779324308037758e-04
6.028457428328692913e-04
6.030597141943871975e-04
6.025617476552724838e-04
6.030328222550451756e-04
6.032877136021852493e-04
6.037289276719093323e-04
6.029562209732830524e-04
6.022590678185224533e-04
6.023437599651515484e-04
6.021827575750648975e-04
6.017959676682949066e-04
6.018768763169646263e-04
6.014017853885889053e-04
6.012573139742016792e-04
6.010562647134065628e-04
6.019074935466051102e-04
6.015371764078736305e-04
6.009447970427572727e-04
6.003926391713321209e-04
6.012039957568049431e-04
5.996623658575117588e-04
6.000213325023651123e-04
6.003364105708897114e-04
6.003357120789587498e-04
5.997760454192757607e-04
6.000345456413924694e-04
5.993663799017667770e-04
5.985979223623871803e-04
5.985525785945355892e-04
5.991927464492619038e-04
5.986814503557980061e-04
5.978632834739983082e-04
5.980678251944482327e-04
5.981765571050345898e-04
5.979718407616019249e-04
5.978088593110442162e-04
5.979940178804099560e-04
5.973775987513363361e-04
5.972711951471865177e-04
5.968070472590625286e-04
5.967318429611623287e-04
5.970668862573802471e-04
5.969589110463857651e-04
5.962980212643742561e-04
5.965823656879365444e-04
5.959643749520182610e-04
5.959179252386093140e-04
5.966024473309516907e-04
5.963264848105609417e-04
5.959927220828831196e-04
5.959580885246396065e-04
5.960487178526818752e-04
5.955497035756707191e-04
5.950358463451266289e-04
5.952592473477125168e-04
5.940057453699409962e-04
5.952839273959398270e-04
5.949528422206640244e-04
5.937410169281065464e-04
5.944285076111555099e-04
5.937453825026750565e-04
5.940646515227854252e-04
5.936378729529678822e-04
5.932530038990080357e-04
5.931311752647161484e-04
5.933153443038463593e-04
5.933626671321690083e-04
5.937781534157693386e-04
5.932727362960577011e-04
5.927293677814304829e-04
5.924775614403188229e-04
5.931638879701495171e-04
5.924549186602234840e-04
5.922584678046405315e-04
5.924986326135694981e-04
5.928727332502603531e-04
5.926078301854431629e-04
5.915713845752179623e-04
5.919754621572792530e-04
5.919424584135413170e-04
5.923439748585224152e-04
5.911778425797820091e-04
5.911386688239872456e-04
5.913419881835579872e-04
5.911701009608805180e-04
5.908462335355579853e-04
5.903909332118928432e-04
5.905467551201581955e-04
5.908624734729528427e-04
5.905801663175225258e-04
5.908286548219621181e-04
5.911372136324644089e-04
5.896341754123568535e-04
5.902846460230648518e-04
5.895238136872649193e-04
5.904801655560731888e-04
5.891390610486268997e-04
5.887607112526893616e-04
5.893515772186219692e-04
5.894772475585341454e-04
5.893693305552005768e-04
5.892806220799684525e-04
5.886511062271893024e-04
5.890631582587957382e-04
5.883870180696249008e-04
5.886189173907041550e-04
5.875969072803854942e-04
5.880208336748182774e-04
5.880746175535023212e-04
5.888096638955175877e-04
5.885734572075307369e-04
5.881297402083873749e-04
5.879874806851148605e-04
5.882439436390995979e-04
5.883838748559355736e-04
5.877832300029695034e-04
5.870329332537949085e-04
5.876218201592564583e-04
5.869779852218925953e-04
5.870359600521624088e-04
5.872562760487198830e-04
5.862534744665026665e-04
5.870242021046578884e-04
5.866579595021903515e-04
5.871643661521375179e-04
5.862129619345068932e-04
5.860394448973238468e-04
5.871191387996077538e-04
5.861389217898249626e-04
5.857835058122873306e-04
5.854797782376408577e-04
5.856231437064707279e-04
5.868679727427661419e-04
5.852713366039097309e-04
5.856978823430836201e-04
5.850150482729077339e-04
5.850238958373665810e-04
5.851068999618291855e-04
5.846609128639101982e-04
5.853793118149042130e-04
5.841583479195833206e-04
5.842240061610937119e-04
5.837517092004418373e-04
5.839569494128227234e-04
5.840811063535511494e-04
5.841893143951892853e-04
5.840248777531087399e-04
5.837685312144458294e-04
5.832089809700846672e-04
5.836623022332787514e-04
5.827452987432479858e-04
5.841306992806494236e-04
5.832524620927870274e-04
5.833646282553672791e-04
5.830193404108285904e-04
5.824907566420733929e-04
5.825203843414783478e-04
5.824339459650218487e-04
5.831287126056849957e-04
5.832893075421452522e-04
5.825844709761440754e-04
5.838182987645268440e-04
5.822327802889049053e-04
5.822792882099747658e-04
5.822073435410857201e-04
5.811936571262776852e-04
5.825966945849359035e-04
5.818395293317735195e-04
5.814010510221123695e-04
5.816476768814027309e-04
5.817430210299789906e-04
5.812473827973008156e-04
5.817214841954410076e-04
5.812743911519646645e-04
5.813629832118749619e-04
5.806591361761093140e-04
5.808647838421165943e-04
5.799915525130927563e-04
5.811570445075631142e-04
5.802738014608621597e-04
5.810944130644202232e-04
5.803342210128903389e-04
5.799756036140024662e-04
5.802663508802652359e-04
5.802206578664481640e-04
5.800374201498925686e-04
5.805455148220062256e-04
5.791805451735854149e-04
5.798739730380475521e-04
5.792865995317697525e-04
5.798577913083136082e-04
5.788856651633977890e-04
5.793371237814426422e-04
5.791264120489358902e-04
5.790532450191676617e-04
5.792768788523972034e-04
5.787748377770185471e-04
5.786943947896361351e-04
5.779877537861466408e-04
5.788559792563319206e-04
5.791310686618089676e-04
5.782051593996584415e-04
5.786294932477176189e-04
5.785274552181363106e-04
5.774948513135313988e-04
5.777122569270431995e-04
5.782381631433963776e-04
5.770702846348285675e-04
5.773764569312334061e-04
5.775359459221363068e-04
5.773283774033188820e-04
5.785020184703171253e-04
5.783606902696192265e-04
5.776102188974618912e-04
5.780743085779249668e-04
5.769120180048048496e-04
5.771669675596058369e-04
5.772326258011162281e-04
5.771987489424645901e-04
5.765382666140794754e-04
5.766695248894393444e-04
5.768750561401247978e-04
5.763208027929067612e-04
5.764870438724756241e-04
5.761808715760707855e-04
5.759251071140170097e-04
5.757990293204784393e-04
5.759755731560289860e-04
5.765266832895576954e-04
5.759118357673287392e-04
5.762567743659019470e-04
5.763778463006019592e-04
5.763404187746345997e-04
5.753043224103748798e-04
5.758577026426792145e-04
5.757624167017638683e-04
5.771241267211735249e-04
5.754542071372270584e-04
5.750407581217586994e-04
5.748970434069633484e-04
5.751553690060973167e-04
