3.686995506286621094e-01
4.089286550879478455e-02
2.861521020531654358e-02
2.592805027961730957e-02
2.208332903683185577e-02
1.887891814112663269e-02
1.540107931941747665e-02
1.486752368509769440e-02
1.148595381528139114e-02
9.634102694690227509e-03
8.279306814074516296e-03
6.857901345938444138e-03
5.706437863409519196e-03
4.912808537483215332e-03
4.012347199022769928e-03
4.015448037534952164e-03
3.162246895954012871e-03
2.705280901864171028e-03
2.525582676753401756e-03
2.648333553224802017e-03
2.204900840297341347e-03
2.341929124668240547e-03
2.121573314070701599e-03
1.953664002940058708e-03
1.939353183843195438e-03
1.879843533970415592e-03
1.799768302589654922e-03
1.768929883837699890e-03
1.738861785270273685e-03
1.715752645395696163e-03
1.681796973571181297e-03
1.662453403696417809e-03
1.662289490923285484e-03
1.610426930710673332e-03
1.635809079743921757e-03
1.599867828190326691e-03
1.608430291526019573e-03
1.631819643080234528e-03
1.561031327582895756e-03
1.500235171988606453e-03
1.496039796620607376e-03
1.525555504485964775e-03
1.811866997741162777e-03
1.441866392269730568e-03
1.507819630205631256e-03
1.502558239735662937e-03
1.818610122427344322e-03
1.401372137479484081e-03
1.399229629896581173e-03
1.375625492073595524e-03
1.774363801814615726e-03
1.361650764010846615e-03
1.346554374322295189e-03
1.347754267044365406e-03
1.342139206826686859e-03
1.325621618889272213e-03
1.320470939390361309e-03
1.334620523266494274e-03
1.312158070504665375e-03
1.337454654276371002e-03
1.286834012717008591e-03
1.279422780498862267e-03
1.281659118831157684e-03
1.265867613255977631e-03
1.268321066163480282e-03
1.253095455467700958e-03
1.251101959496736526e-03
1.239428529515862465e-03
1.288225175812840462e-03
1.222300110384821892e-03
1.315997564233839512e-03
1.213969779200851917e-03
1.206384971737861633e-03
1.200701342895627022e-03
1.192507101222872734e-03
1.189357019029557705e-03
1.179836341179907322e-03
1.170293428003787994e-03
1.188950845971703529e-03
1.158079365268349648e-03
1.154086785390973091e-03
1.155990059487521648e-03
1.200207741931080818e-03
1.142923720180988312e-03
1.134415855631232262e-03
1.125687733292579651e-03
1.130364951677620411e-03
1.113179721869528294e-03
1.109139062464237213e-03
1.104166265577077866e-03
1.093811937607824802e-03
1.087582902982831001e-03
1.088110613636672497e-03
1.072699669748544693e-03
1.068817800842225552e-03
1.065109041519463062e-03
1.058858353644609451e-03
1.139536267146468163e-03
1.047917641699314117e-03
1.041904324665665627e-03
1.037252135574817657e-03
1.038876944221556187e-03
1.022649463266134262e-03
1.016686670482158661e-03
1.025631558150053024e-03
1.002395991235971451e-03
9.953028056770563126e-04
9.917367715388536453e-04
9.829904884099960327e-04
9.738383232615888119e-04
9.942362084984779358e-04
9.621204808354377747e-04
1.057706656865775585e-03
9.515038109384477139e-04
9.576187003403902054e-04
9.437241824343800545e-04
9.461875306442379951e-04
9.342254488728940487e-04
9.311933536082506180e-04
9.218972991220653057e-04
9.179581538774073124e-04
9.085729834623634815e-04
9.032106609083712101e-04
8.972348296083509922e-04
8.935817168094217777e-04
8.875415660440921783e-04
8.829648722894489765e-04
8.990358910523355007e-04
8.758664480410516262e-04
8.733055437915027142e-04
8.688356610946357250e-04
8.720724727027118206e-04
8.617209969088435173e-04
8.582525770179927349e-04
8.542555151507258415e-04
8.500327821820974350e-04
9.021638543345034122e-04
8.445926359854638577e-04
8.427542634308338165e-04
8.450319874100387096e-04
8.398289792239665985e-04
8.340451749972999096e-04
8.299326873384416103e-04
8.286071242764592171e-04
8.699980680830776691e-04
8.233855478465557098e-04
8.198585128411650658e-04
8.184791659004986286e-04
8.148706401698291302e-04
8.109107729978859425e-04
8.077702368609607220e-04
8.084747823886573315e-04
8.033585036173462868e-04
8.010336314328014851e-04
7.998831570148468018e-04
7.978202775120735168e-04
8.294695289805531502e-04
7.914305897429585457e-04
7.886230596341192722e-04
7.900060154497623444e-04
7.863157661631703377e-04
7.827435620129108429e-04
7.799403392709791660e-04
7.783413166180253029e-04
7.763389148749411106e-04
7.751291268505156040e-04
7.716709515079855919e-04
7.822293555364012718e-04
7.677290122956037521e-04
7.650074549019336700e-04
7.644426659680902958e-04
7.659815601073205471e-04
7.679034024477005005e-04
7.596114301122725010e-04
7.604881539009511471e-04
7.624208810739219189e-04
7.558839279226958752e-04
7.553153554908931255e-04
7.533811149187386036e-04
7.517120102420449257e-04
7.523520616814494133e-04
7.716249674558639526e-04
7.482265355065464973e-04
7.473707664757966995e-04
8.069366449490189552e-04
7.442133501172065735e-04
7.448961841873824596e-04
7.422436028718948364e-04
7.419648463837802410e-04
7.391032413579523563e-04
7.675101514905691147e-04
7.636355003342032433e-04
7.364285411313176155e-04
7.379057351499795914e-04
7.326189661398530006e-04
7.317229756154119968e-04
7.311599911190569401e-04
7.300719153136014938e-04
7.280675345100462437e-04
7.292485679499804974e-04
7.252477807924151421e-04
7.267074543051421642e-04
7.288396591320633888e-04
7.218634709715843201e-04
7.211002521216869354e-04
7.207705057226121426e-04
7.198104285635054111e-04
7.217795355245471001e-04
7.223067805171012878e-04
7.159235537983477116e-04
7.183002308011054993e-04
7.152123725973069668e-04
7.143240072764456272e-04
7.138202199712395668e-04
7.146878633648157120e-04
7.144051487557590008e-04
7.100880611687898636e-04
7.096035988070070744e-04
7.097142515704035759e-04
7.094274624250829220e-04
7.072500884532928467e-04
7.065004901960492134e-04
7.064113742671906948e-04
7.043562945909798145e-04
7.040548953227698803e-04
7.041784119792282581e-04
7.053429726511240005e-04
7.027554092928767204e-04
7.007588283158838749e-04
7.002546917647123337e-04
7.000348414294421673e-04
6.983272614888846874e-04
6.998386816121637821e-04
6.983813946135342121e-04
6.981425685808062553e-04
6.972771370783448219e-04
6.980141042731702328e-04
6.980896578170359135e-04
6.951507530175149441e-04
6.949427188374102116e-04
6.964835338294506073e-04
6.928935181349515915e-04
6.917821592651307583e-04
6.935730925761163235e-04
6.927837966941297054e-04
6.903206813149154186e-04
6.908406503498554230e-04
6.889822543598711491e-04
6.888743373565375805e-04
6.910531665198504925e-04
6.882697925902903080e-04
6.851518410257995129e-04
6.882104207761585712e-04
6.860698340460658073e-04
6.865956820547580719e-04
6.839815177954733372e-04
6.861677393317222595e-04
7.133210310712456703e-04
6.855268729850649834e-04
6.809305050410330296e-04
6.815600791014730930e-04
6.798882386647164822e-04
7.600697572343051434e-04
6.799724069423973560e-04
6.794001092202961445e-04
6.786800804547965527e-04
6.787042948417365551e-04
6.795009248889982700e-04
6.785791483707726002e-04
6.764630670659244061e-04
6.758722593076527119e-04
6.774609209969639778e-04
6.752884946763515472e-04
6.740120006725192070e-04
6.746180006302893162e-04
6.734689814038574696e-04
6.736092618666589260e-04
6.745923310518264771e-04
6.743644480593502522e-04
6.704922416247427464e-04
6.704597617499530315e-04
6.702153477817773819e-04
6.696293712593615055e-04
6.695359479635953903e-04
6.688803550787270069e-04
6.684952531941235065e-04
6.687531713396310806e-04
6.673831376247107983e-04
6.687816930934786797e-04
6.667747511528432369e-04
6.667851121164858341e-04
6.650003488175570965e-04
6.701165111735463142e-04
6.654770113527774811e-04
6.645312532782554626e-04
6.638175109401345253e-04
6.635135505348443985e-04
6.633897428400814533e-04
6.631500436924397945e-04
6.619840860366821289e-04
6.611627177335321903e-04
6.606630049645900726e-04
6.610214477404952049e-04
6.608930998481810093e-04
6.604445516131818295e-04
6.596830789931118488e-04
6.591440178453922272e-04
6.592455320060253143e-04
6.587919197045266628e-04
6.583104841411113739e-04
6.594191072508692741e-04
6.579711334779858589e-04
6.580040208064019680e-04
6.573213031515479088e-04
6.568922544829547405e-04
6.562681519426405430e-04
6.555010331794619560e-04
6.551084807142615318e-04
6.554076680913567543e-04
6.539160385727882385e-04
6.533592822961509228e-04
6.534390267916023731e-04
6.534972926601767540e-04
6.520928000099956989e-04
6.521813920699059963e-04
6.517074070870876312e-04
6.509782979264855385e-04
6.502158939838409424e-04
6.511064129881560802e-04
6.499413284473121166e-04
6.496309069916605949e-04
6.496766582131385803e-04
6.489449879154562950e-04
6.480077281594276428e-04
6.477934657596051693e-04
6.479268777184188366e-04
6.475231493823230267e-04
6.470272783190011978e-04
6.474974798038601875e-04
6.473206449300050735e-04
6.490986561402678490e-04
6.471530650742352009e-04
6.465140613727271557e-04
6.455845432355999947e-04
6.458277930505573750e-04
6.449334323406219482e-04
6.444015889428555965e-04
6.440634024329483509e-04
6.439530407078564167e-04
6.427806220017373562e-04
6.424778257496654987e-04
6.428473861888051033e-04
6.422156584449112415e-04
6.428938359022140503e-04
6.420182180590927601e-04
6.418930715881288052e-04
6.414238596335053444e-04
6.414344534277915955e-04
6.409388734027743340e-04
6.403239676728844643e-04
6.400784477591514587e-04
6.399281555786728859e-04
6.400040001608431339e-04
6.397952092811465263e-04
6.399092962965369225e-04
6.398000987246632576e-04
6.391740753315389156e-04
6.382970022968947887e-04
6.382925203070044518e-04
6.388485198840498924e-04
6.381430430337786674e-04
6.380191771313548088e-04
6.372078205458819866e-04
6.373547948896884918e-04
6.368877366185188293e-04
6.365950684994459152e-04
6.364489090628921986e-04
6.365106091834604740e-04
6.358101381920278072e-04
6.359025137498974800e-04
6.352395866997539997e-04
6.346865557134151459e-04
6.348668248392641544e-04
6.336292717605829239e-04
6.355641526170074940e-04
6.339201936498284340e-04
6.329885800369083881e-04
6.323548732325434685e-04
6.327841547317802906e-04
6.324186106212437153e-04
6.322970148175954819e-04
6.315195350907742977e-04
6.312039913609623909e-04
6.312341429293155670e-04
6.312049226835370064e-04
6.296997307799756527e-04
6.307381554506719112e-04
6.304688286036252975e-04
6.297522922977805138e-04
6.292684120126068592e-04
6.292545585893094540e-04
6.297233630903065205e-04
6.288620643317699432e-04
6.285879062488675117e-04
6.283302791416645050e-04
6.283349357545375824e-04
6.287668948061764240e-04
6.282201502472162247e-04
6.276189233176410198e-04
6.278263754211366177e-04
6.267387070693075657e-04
6.271374295465648174e-04
6.272514001466333866e-04
6.265585543587803841e-04
6.259708316065371037e-04
6.262813694775104523e-04
6.267892895266413689e-04
6.253454484976828098e-04
6.259086658246815205e-04
6.254382897168397903e-04
6.253257743082940578e-04
6.250346195884048939e-04
6.244982942007482052e-04
6.246806005947291851e-04
6.248860154300928116e-04
6.250045262277126312e-04
6.244712858460843563e-04
6.242889212444424629e-04
6.242928793653845787e-04
6.235713954083621502e-04
6.235686596482992172e-04
6.232557352632284164e-04
6.231342558749020100e-04
6.231785519048571587e-04
6.229157443158328533e-04
6.234783795662224293e-04
6.229968857951462269e-04
6.230663857422769070e-04
6.227557896636426449e-04
6.222216761671006680e-04
6.224607350304722786e-04
6.223219097591936588e-04
6.221986259333789349e-04
6.219022907316684723e-04
6.233602180145680904e-04
6.215469911694526672e-04
6.218274938873946667e-04
6.216317997314035892e-04
6.214956520125269890e-04
6.216533365659415722e-04
6.207262631505727768e-04
6.212812731973826885e-04
6.206305697560310364e-04
6.204266101121902466e-04
6.206789403222501278e-04
6.203002412803471088e-04
6.200248608365654945e-04
6.195772439241409302e-04
6.203637458384037018e-04
6.190395215526223183e-04
6.195652531459927559e-04
6.191975553520023823e-04
6.188617553561925888e-04
6.190335261635482311e-04
6.182462093420326710e-04
6.191237480379641056e-04
6.170729757286608219e-04
6.177599425427615643e-04
6.180526688694953918e-04
6.170124397613108158e-04
6.174788577482104301e-04
6.168557447381317616e-04
6.178311887197196484e-04
6.172548746690154076e-04
6.170942797325551510e-04
6.166649400256574154e-04
6.170513224788010120e-04
6.165318191051483154e-04
6.163640064187347889e-04
6.161122000776231289e-04
6.164103397168219090e-04
6.159094045870006084e-04
6.156594026833772659e-04
6.161482306197285652e-04
6.162454956211149693e-04
6.161431665532290936e-04
6.155460723675787449e-04
6.151492707431316376e-04
6.151753477752208710e-04
6.157226744107902050e-04
6.154254078865051270e-04
6.148649263195693493e-04
6.147301755845546722e-04
6.142990896478295326e-04
6.147621897980570793e-04
6.137124146334826946e-04
6.138444878160953522e-04
6.135992589406669140e-04
6.139520555734634399e-04
6.135387229733169079e-04
